bind_L_R_to_LR_kf 4e-07 0.0585095283026 5.16516660556
bind_L_R_to_LR_kr 0.001 6.0776146449e-08 -4.21626684011
convert_LR_to_DISC_kc 1e-05 3.83688798029e-10 -4.41602088004
bind_DISC_C8pro_to_DISCC8pro_kf 1e-06 220917119.373 14.3442293716
bind_DISC_C8pro_to_DISCC8pro_kr 0.001 6.43642392549e-06 -2.19135535947
catalyze_DISCC8pro_to_DISC_C8A_kc 1.0 1421.31372553 3.15268995001
bind_C8A_BidU_to_C8ABidU_kf 1e-06 2.20127701665e-07 -0.657325300821
bind_C8A_BidU_to_C8ABidU_kr 0.001 0.833210455896 2.92075471124
catalyze_C8ABidU_to_C8A_BidT_kc 1.0 0.506144429795 -0.295725538273
bind_DISC_flip_kf 1e-06 0.000130985820765 2.11722428576
bind_DISC_flip_kr 0.001 0.000244232816048 -0.612195983016
bind_BAR_C8A_kf 1e-06 8.41036282115e-06 0.924814731568
bind_BAR_C8A_kr 0.001 1.39505119869e-05 -1.85540985339
equilibrate_SmacC_to_SmacA_kf 0.01 2556.76997332 5.40769165731
equilibrate_SmacC_to_SmacA_kr 0.01 1.91221525975 2.2815367796
equilibrate_CytoCC_to_CytoCA_kf 0.01 7.40159847751e-07 -4.13067447824
equilibrate_CytoCC_to_CytoCA_kr 0.01 0.00592695722214 -0.227168207274
bind_CytoCA_ApafI_to_CytoCAApafI_kf 5e-07 0.000431319671718 2.93582926166
bind_CytoCA_ApafI_to_CytoCAApafI_kr 0.001 3247261.45352 9.51151725729
catalyze_CytoCAApafI_to_CytoCA_ApafA_kc 1.0 3.33317208461e-05 -4.47714226406
convert_ApafA_C9_to_Apop_kf 5e-08 0.000129307273693 3.41265295083
convert_ApafA_C9_to_Apop_kr 0.001 0.000109801534031 -0.959391592338
bind_Apop_C3pro_to_ApopC3pro_kf 5e-09 5.09470015105e-06 3.00814862433
bind_Apop_C3pro_to_ApopC3pro_kr 0.001 0.000136052130179 -0.866294654048
catalyze_ApopC3pro_to_Apop_C3A_kc 1.0 5.14604653871e-08 -7.28852629053
bind_Apop_XIAP_kf 2e-06 2.82791769888e-09 -2.84956322966
bind_Apop_XIAP_kr 0.001 6.04830392305e-05 -1.21836639396
bind_SmacA_XIAP_kf 7e-06 0.00963191059413 3.13861440269
bind_SmacA_XIAP_kr 0.001 1.99386874758 3.29969656617
bind_C8A_C3pro_to_C8AC3pro_kf 1e-07 2.62530478163e-08 -0.580820270431
bind_C8A_C3pro_to_C8AC3pro_kr 0.001 8.22942211887e-13 -9.08463066046
catalyze_C8AC3pro_to_C8A_C3A_kc 1.0 50.6947883108 1.70496331389
bind_XIAP_C3A_to_XIAPC3A_kf 2e-06 0.00305432994211 3.18388595398
bind_XIAP_C3A_to_XIAPC3A_kr 0.001 7.05730845158e-14 -10.1513609006
catalyze_XIAPC3A_to_XIAP_C3ub_kc 0.1 384.959669307 3.58541523259
bind_C3A_PARPU_to_C3APARPU_kf 1e-06 0.0110737585343 4.04429504939
bind_C3A_PARPU_to_C3APARPU_kr 0.01 0.791462649986 1.89843042484
catalyze_C3APARPU_to_C3A_PARPC_kc 1.0 3041.52549248 3.48309146084
bind_C3A_C6pro_to_C3AC6pro_kf 1e-06 0.00144040132464 3.15848351209
bind_C3A_C6pro_to_C3AC6pro_kr 0.001 0.38524596507 2.58573809877
catalyze_C3AC6pro_to_C3A_C6A_kc 1.0 0.000306475063525 -3.51360485626
bind_C6A_C8pro_to_C6AC8pro_kf 3e-08 2.18597797275e-12 -4.1374754733
bind_C6A_C8pro_to_C6AC8pro_kr 0.001 4.2063700499e-09 -5.37609252348
catalyze_C6AC8pro_to_C6A_C8A_kc 1.0 9.52119274716e-07 -6.02130864289
equilibrate_BidT_to_BidM_kf 0.1 960.426391449 3.98246408548
equilibrate_BidT_to_BidM_kr 0.001 15.2011921181 4.18187764782
equilibrate_BaxC_to_BaxM_kf 0.01 0.000228558925444 -1.64100181443
equilibrate_BaxC_to_BaxM_kr 0.01 135068.083994 7.13055273923
equilibrate_BclxLC_to_BclxLM_kf 0.01 1.11418022765e-08 -5.95304455284
equilibrate_BclxLC_to_BclxLM_kr 0.01 0.078552379439 0.895159344838
bind_BidM_BaxM_to_BidMBaxM_kf 1e-07 20.9445774819 8.3210716037
bind_BidM_BaxM_to_BidMBaxM_kr 0.001 1.90286561466e-05 -1.72059188164
catalyze_BidMBaxM_to_BidM_BaxA_kc 1.0 3321.13493879 3.52128652148
bind_BidM_BakM_to_BidMBakM_kf 1e-07 3.58413265949e-20 -12.4456159242
bind_BidM_BakM_to_BidMBakM_kr 0.001 2.37452371083e-12 -8.62442348941
catalyze_BidMBakM_to_BidM_BakA_kc 1.0 0.173509308021 -0.760677222235
bind_BaxA_BaxM_to_BaxABaxM_kf 1e-07 1.55991577979e-09 -1.80689884867
bind_BaxA_BaxM_to_BaxABaxM_kr 0.001 8.32773827528e-07 -3.07947293232
catalyze_BaxABaxM_to_BaxA_BaxA_kc 1.0 0.570028092289 -0.244103740774
bind_BakA_BakM_to_BakABakM_kf 1e-07 1.41487586352e-08 -0.849281662015
bind_BakA_BakM_to_BakABakM_kr 0.001 6251.52642309 6.79598607113
catalyze_BakABakM_to_BakA_BakA_kc 1.0 1163.43926611 3.06574371716
bind_BidM_Bcl2_kf 1e-06 0.00070017246926 2.84520503033
bind_BidM_Bcl2_kr 0.066 2.3530375833e-05 -3.44791507165
bind_BidM_BclxLM_kf 1e-06 4.9459292877e-14 -7.30575209707
bind_BidM_BclxLM_kr 0.012 9188186.67995 8.88404856429
bind_BidM_Mcl1M_kf 1e-06 1.43133178413e-05 1.15574031532
bind_BidM_Mcl1M_kr 0.01 0.187110004952 1.27209701027
bind_BaxA_Bcl2_kf 1e-06 6.17662159126e-07 -0.209249004759
bind_BaxA_Bcl2_kr 0.01 593.470951488 4.77339946648
bind_BaxA_BclxLM_kf 1e-06 9.19795803146e-10 -3.03630857636
bind_BaxA_BclxLM_kr 0.01 9.60524857807e-13 -10.0174913914
bind_BakA_BclxLM_kf 1e-06 0.464695137544 5.66716812815
bind_BakA_BclxLM_kr 0.05 397.206632817 3.90004648768
bind_BakA_Mcl1_kf 1e-06 0.0403151199925 4.60546795676
bind_BakA_Mcl1_kr 0.01 1847.18070198 5.26650938273
bind_BadM_Bcl2_kf 1e-06 1.7169892983 6.23476758829
bind_BadM_Bcl2_kr 0.011 0.030693202029 0.445649512853
bind_BadM_BclxLM_kf 1e-06 4.44338387884e-09 -2.35228616498
bind_BadM_BclxLM_kr 0.01 6.85191552366e-17 -14.164188
bind_NoxaM_Mcl1M_kf 1e-06 1.72038602497e-09 -2.76437409396
bind_NoxaM_Mcl1M_kr 0.019 0.00339893310516 -0.747410983692
assemble_pore_sequential_Bax_2_kf 0.0002040816 2.30358238619e-06 -1.94740010135
assemble_pore_sequential_Bax_2_kr 0.001 0.0231886756223 1.36527594543
assemble_pore_sequential_Bax_3_kf 0.0002040816 2.36652476311e-05 -0.935692797236
assemble_pore_sequential_Bax_3_kr 0.001 3.19472440982e-06 -2.49556659993
assemble_pore_sequential_Bax_4_kf 0.0002040816 2071685.91855 10.0065200636
assemble_pore_sequential_Bax_4_kr 0.001 54.8607897917 4.73926205554
assemble_pore_sequential_Bak_2_kf 0.0002040816 1.25418528616e-07 -3.21144214907
assemble_pore_sequential_Bak_2_kr 0.001 0.217132522077 2.33672487689
assemble_pore_sequential_Bak_3_kf 0.0002040816 2.98494648506e-11 -6.8348673011
assemble_pore_sequential_Bak_3_kr 0.001 0.000192267073961 -0.716095083008
assemble_pore_sequential_Bak_4_kf 0.0002040816 0.000340770380571 0.222657988798
assemble_pore_sequential_Bak_4_kr 0.001 0.00350678784024 0.544909491972
pore_transport_complex_BaxA_4_CytoCM_kf 2.857143e-05 2.20068630985e+11 15.8866261644
pore_transport_complex_BaxA_4_CytoCM_kr 0.001 0.0714174255577 1.85380419077
pore_transport_dissociate_BaxA_4_CytoCC_kc 10.0 72126418.2898 6.85809436619
pore_transport_complex_BaxA_4_SmacM_kf 2.857143e-05 294.947742916 7.01381309972
pore_transport_complex_BaxA_4_SmacM_kr 0.001 3.46575484684 3.53979783927
pore_transport_dissociate_BaxA_4_SmacC_kc 10.0 1713.28565334 2.23382977822
pore_transport_complex_BakA_4_CytoCM_kf 2.857143e-05 15.4970755986 5.73431777428
pore_transport_complex_BakA_4_CytoCM_kr 0.001 5.2791705706e-09 -5.27743430567
pore_transport_dissociate_BakA_4_CytoCC_kc 10.0 157818.14676 4.19815693921
pore_transport_complex_BakA_4_SmacM_kf 2.857143e-05 9.40657824541e-09 -3.48250030499
pore_transport_complex_BakA_4_SmacM_kr 0.001 6.45381863273e-11 -7.19018324344
pore_transport_dissociate_BakA_4_SmacC_kc 10.0 438.498297597 1.64196791162
